169
399
408
493
530
543
591
1005
1009
1016
1020
1021
1024
1027
1029
1037
1054
1067
1071
1094
1096
1102
1103
1108
1112
1115
1116
1120
1125
1130
1142
1146
1147
1149
1151
1152
1163
1170
1182
1194
1202
1208
1229
1246
1248
1268
1277
1281
1290
1295
1299
1309
1331
1334
1335
1336
1339
1345
1355
1364
1383
1386
1393
1404
1425
1432
1438
1451
1453
1454
1483
1485
1492
1501
1510
1513
1519
1526
1528
1533
1536
1537
1544
1553
1559
1561
1562
1564
1567
1574
1576
1578
1585
1586
1587
1588
1592
1593
1599
1600
1601
1605
1607
1608
1613
1614
1619
1620
1621
1622
1624
1632
1638
1643
1647
1648
1653
1655
1656
1660
1664
1672
1677
1679
1697
1707
1709
1712
1717
1721
1726
1727
1728
1734
1741
1745
1749
1752
1753
1755
1758
1760
1766
1773
1774
1782
1783
1784
1786
1789
1792
1793
1794
1802
1803
1810
1811
1812
1823
1826
1831
1835
1837
1838
1842
1850
1852
1853
1854
1856
1867
1869
1871
1879
1883
1889
1900
1905
1912
1915
1918
1919
1936
1941
1945
1946
1947
1955
1960
1964
1968
1973
1974
1975
1980
1982
1985
1997
2003
2010
